
Model intermediate layer output
==========================

in_data : (10000, 784)
----------------------------------------------
layer1_output : (10000, 512)
----------------------------------------------
activation1_output : (10000, 512)
----------------------------------------------
layer2_output : (10000, 256)
----------------------------------------------
activation2_output : (10000, 256)
----------------------------------------------
layer3_output : (10000, 128)
----------------------------------------------
activation3_output : (10000, 128)
----------------------------------------------
layer4_output : (10000, 64)
----------------------------------------------
activation4_output : (10000, 64)
----------------------------------------------
layer5_output : (10000, 10)
----------------------------------------------
activation5_output : (10000, 10)
in_data.shape : (10000, 784)
in_data.shape : (10000, 784)
Gram(X) : [[1.00000000e+00 7.08904968e-56 2.28736434e-32 ... 2.47620025e-35
  6.17428826e-41 4.83659943e-68]
 [7.08904968e-56 1.00000000e+00 1.18689117e-42 ... 1.35349616e-67
  2.17929252e-46 1.87720920e-62]
 [2.28736434e-32 1.18689117e-42 1.00000000e+00 ... 1.33572462e-37
  3.41940944e-35 2.57551870e-59]
 ...
 [2.47620025e-35 1.35349616e-67 1.33572462e-37 ... 1.00000000e+00
  5.53864962e-38 3.44067925e-57]
 [6.17428826e-41 2.17929252e-46 3.41940944e-35 ... 5.53864962e-38
  1.00000000e+00 3.39492724e-60]
 [4.83659943e-68 1.87720920e-62 2.57551870e-59 ... 3.44067925e-57
  3.39492724e-60 1.00000000e+00]] 
Gram(X) mean : 0.00010147410293311914
Gram(Y) : [[1.00000000e+00 7.08904968e-56 2.28736434e-32 ... 2.47620025e-35
  6.17428826e-41 4.83659943e-68]
 [7.08904968e-56 1.00000000e+00 1.18689117e-42 ... 1.35349616e-67
  2.17929252e-46 1.87720920e-62]
 [2.28736434e-32 1.18689117e-42 1.00000000e+00 ... 1.33572462e-37
  3.41940944e-35 2.57551870e-59]
 ...
 [2.47620025e-35 1.35349616e-67 1.33572462e-37 ... 1.00000000e+00
  5.53864962e-38 3.44067925e-57]
 [6.17428826e-41 2.17929252e-46 3.41940944e-35 ... 5.53864962e-38
  1.00000000e+00 3.39492724e-60]
 [4.83659943e-68 1.87720920e-62 2.57551870e-59 ... 3.44067925e-57
  3.39492724e-60 1.00000000e+00]] 
Gram(Y) mean : 0.00010147410293311914

-------------------------------------------------
HSIC(in_data, in_data) = 0.00010008289934039696
m : 10000
sigma : 1
-------------------------------------------------

in_data.shape : (10000, 784)
lay1.shape : (10000, 512)
Gram(X) : [[1.00000000e+00 7.08904968e-56 2.28736434e-32 ... 2.47620025e-35
  6.17428826e-41 4.83659943e-68]
 [7.08904968e-56 1.00000000e+00 1.18689117e-42 ... 1.35349616e-67
  2.17929252e-46 1.87720920e-62]
 [2.28736434e-32 1.18689117e-42 1.00000000e+00 ... 1.33572462e-37
  3.41940944e-35 2.57551870e-59]
 ...
 [2.47620025e-35 1.35349616e-67 1.33572462e-37 ... 1.00000000e+00
  5.53864962e-38 3.44067925e-57]
 [6.17428826e-41 2.17929252e-46 3.41940944e-35 ... 5.53864962e-38
  1.00000000e+00 3.39492724e-60]
 [4.83659943e-68 1.87720920e-62 2.57551870e-59 ... 3.44067925e-57
  3.39492724e-60 1.00000000e+00]] 
Gram(X) mean : 0.00010147410293311914
Gram(Y) : [[1. 0. 0. ... 0. 0. 0.]
 [0. 1. 0. ... 0. 0. 0.]
 [0. 0. 1. ... 0. 0. 0.]
 ...
 [0. 0. 0. ... 1. 0. 0.]
 [0. 0. 0. ... 0. 1. 0.]
 [0. 0. 0. ... 0. 0. 1.]] 
Gram(Y) mean : 0.00010000000000004782

-------------------------------------------------
HSIC(in_data, lay1) = 0.00010000985356033592
m : 10000
sigma : 1
-------------------------------------------------

in_data.shape : (10000, 784)
act1.shape : (10000, 512)
Gram(X) : [[1.00000000e+00 7.08904968e-56 2.28736434e-32 ... 2.47620025e-35
  6.17428826e-41 4.83659943e-68]
 [7.08904968e-56 1.00000000e+00 1.18689117e-42 ... 1.35349616e-67
  2.17929252e-46 1.87720920e-62]
 [2.28736434e-32 1.18689117e-42 1.00000000e+00 ... 1.33572462e-37
  3.41940944e-35 2.57551870e-59]
 ...
 [2.47620025e-35 1.35349616e-67 1.33572462e-37 ... 1.00000000e+00
  5.53864962e-38 3.44067925e-57]
 [6.17428826e-41 2.17929252e-46 3.41940944e-35 ... 5.53864962e-38
  1.00000000e+00 3.39492724e-60]
 [4.83659943e-68 1.87720920e-62 2.57551870e-59 ... 3.44067925e-57
  3.39492724e-60 1.00000000e+00]] 
Gram(X) mean : 0.00010147410293311914
Gram(Y) : [[1.00000000e+000 0.00000000e+000 2.02843467e-225 ... 5.11084171e-263
  1.54510713e-280 0.00000000e+000]
 [0.00000000e+000 1.00000000e+000 0.00000000e+000 ... 0.00000000e+000
  0.00000000e+000 0.00000000e+000]
 [2.02843467e-225 0.00000000e+000 1.00000000e+000 ... 1.01627130e-191
  1.21771348e-226 0.00000000e+000]
 ...
 [5.11084171e-263 0.00000000e+000 1.01627130e-191 ... 1.00000000e+000
  2.84558411e-296 0.00000000e+000]
 [1.54510713e-280 0.00000000e+000 1.21771348e-226 ... 2.84558411e-296
  1.00000000e+000 0.00000000e+000]
 [0.00000000e+000 0.00000000e+000 0.00000000e+000 ... 0.00000000e+000
  0.00000000e+000 1.00000000e+000]] 
Gram(Y) mean : 0.0001000074779845079

-------------------------------------------------
HSIC(in_data, act1) = 0.00010001100281793363
m : 10000
sigma : 1
-------------------------------------------------

in_data.shape : (10000, 784)
lay2.shape : (10000, 256)
Gram(X) : [[1.00000000e+00 7.08904968e-56 2.28736434e-32 ... 2.47620025e-35
  6.17428826e-41 4.83659943e-68]
 [7.08904968e-56 1.00000000e+00 1.18689117e-42 ... 1.35349616e-67
  2.17929252e-46 1.87720920e-62]
 [2.28736434e-32 1.18689117e-42 1.00000000e+00 ... 1.33572462e-37
  3.41940944e-35 2.57551870e-59]
 ...
 [2.47620025e-35 1.35349616e-67 1.33572462e-37 ... 1.00000000e+00
  5.53864962e-38 3.44067925e-57]
 [6.17428826e-41 2.17929252e-46 3.41940944e-35 ... 5.53864962e-38
  1.00000000e+00 3.39492724e-60]
 [4.83659943e-68 1.87720920e-62 2.57551870e-59 ... 3.44067925e-57
  3.39492724e-60 1.00000000e+00]] 
Gram(X) mean : 0.00010147410293311914
Gram(Y) : [[1. 0. 0. ... 0. 0. 0.]
 [0. 1. 0. ... 0. 0. 0.]
 [0. 0. 1. ... 0. 0. 0.]
 ...
 [0. 0. 0. ... 1. 0. 0.]
 [0. 0. 0. ... 0. 1. 0.]
 [0. 0. 0. ... 0. 0. 1.]] 
Gram(Y) mean : 0.00010000000000000003

-------------------------------------------------
HSIC(in_data, lay2) = 0.00010000985356032082
m : 10000
sigma : 1
-------------------------------------------------

in_data.shape : (10000, 784)
act2.shape : (10000, 256)
Gram(X) : [[1.00000000e+00 7.08904968e-56 2.28736434e-32 ... 2.47620025e-35
  6.17428826e-41 4.83659943e-68]
 [7.08904968e-56 1.00000000e+00 1.18689117e-42 ... 1.35349616e-67
  2.17929252e-46 1.87720920e-62]
 [2.28736434e-32 1.18689117e-42 1.00000000e+00 ... 1.33572462e-37
  3.41940944e-35 2.57551870e-59]
 ...
 [2.47620025e-35 1.35349616e-67 1.33572462e-37 ... 1.00000000e+00
  5.53864962e-38 3.44067925e-57]
 [6.17428826e-41 2.17929252e-46 3.41940944e-35 ... 5.53864962e-38
  1.00000000e+00 3.39492724e-60]
 [4.83659943e-68 1.87720920e-62 2.57551870e-59 ... 3.44067925e-57
  3.39492724e-60 1.00000000e+00]] 
Gram(X) mean : 0.00010147410293311914
Gram(Y) : [[1. 0. 0. ... 0. 0. 0.]
 [0. 1. 0. ... 0. 0. 0.]
 [0. 0. 1. ... 0. 0. 0.]
 ...
 [0. 0. 0. ... 1. 0. 0.]
 [0. 0. 0. ... 0. 1. 0.]
 [0. 0. 0. ... 0. 0. 1.]] 
Gram(Y) mean : 0.00010000028101903743

-------------------------------------------------
HSIC(in_data, act2) = 0.00010000987997569245
m : 10000
sigma : 1
-------------------------------------------------

in_data.shape : (10000, 784)
lay3.shape : (10000, 128)
Gram(X) : [[1.00000000e+00 7.08904968e-56 2.28736434e-32 ... 2.47620025e-35
  6.17428826e-41 4.83659943e-68]
 [7.08904968e-56 1.00000000e+00 1.18689117e-42 ... 1.35349616e-67
  2.17929252e-46 1.87720920e-62]
 [2.28736434e-32 1.18689117e-42 1.00000000e+00 ... 1.33572462e-37
  3.41940944e-35 2.57551870e-59]
 ...
 [2.47620025e-35 1.35349616e-67 1.33572462e-37 ... 1.00000000e+00
  5.53864962e-38 3.44067925e-57]
 [6.17428826e-41 2.17929252e-46 3.41940944e-35 ... 5.53864962e-38
  1.00000000e+00 3.39492724e-60]
 [4.83659943e-68 1.87720920e-62 2.57551870e-59 ... 3.44067925e-57
  3.39492724e-60 1.00000000e+00]] 
Gram(X) mean : 0.00010147410293311914
Gram(Y) : [[1. 0. 0. ... 0. 0. 0.]
 [0. 1. 0. ... 0. 0. 0.]
 [0. 0. 1. ... 0. 0. 0.]
 ...
 [0. 0. 0. ... 1. 0. 0.]
 [0. 0. 0. ... 0. 1. 0.]
 [0. 0. 0. ... 0. 0. 1.]] 
Gram(Y) mean : 0.000100000000026265

-------------------------------------------------
HSIC(in_data, lay3) = 0.00010000985356143697
m : 10000
sigma : 1
-------------------------------------------------

in_data.shape : (10000, 784)
act3.shape : (10000, 128)
Gram(X) : [[1.00000000e+00 7.08904968e-56 2.28736434e-32 ... 2.47620025e-35
  6.17428826e-41 4.83659943e-68]
 [7.08904968e-56 1.00000000e+00 1.18689117e-42 ... 1.35349616e-67
  2.17929252e-46 1.87720920e-62]
 [2.28736434e-32 1.18689117e-42 1.00000000e+00 ... 1.33572462e-37
  3.41940944e-35 2.57551870e-59]
 ...
 [2.47620025e-35 1.35349616e-67 1.33572462e-37 ... 1.00000000e+00
  5.53864962e-38 3.44067925e-57]
 [6.17428826e-41 2.17929252e-46 3.41940944e-35 ... 5.53864962e-38
  1.00000000e+00 3.39492724e-60]
 [4.83659943e-68 1.87720920e-62 2.57551870e-59 ... 3.44067925e-57
  3.39492724e-60 1.00000000e+00]] 
Gram(X) mean : 0.00010147410293311914
Gram(Y) : [[1. 0. 0. ... 0. 0. 0.]
 [0. 1. 0. ... 0. 0. 0.]
 [0. 0. 1. ... 0. 0. 0.]
 ...
 [0. 0. 0. ... 1. 0. 0.]
 [0. 0. 0. ... 0. 1. 0.]
 [0. 0. 0. ... 0. 0. 1.]] 
Gram(Y) mean : 0.00010009809104402363

-------------------------------------------------
HSIC(in_data, act3) = 0.00010001050548230621
m : 10000
sigma : 1
-------------------------------------------------

in_data.shape : (10000, 784)
lay4.shape : (10000, 64)
Gram(X) : [[1.00000000e+00 7.08904968e-56 2.28736434e-32 ... 2.47620025e-35
  6.17428826e-41 4.83659943e-68]
 [7.08904968e-56 1.00000000e+00 1.18689117e-42 ... 1.35349616e-67
  2.17929252e-46 1.87720920e-62]
 [2.28736434e-32 1.18689117e-42 1.00000000e+00 ... 1.33572462e-37
  3.41940944e-35 2.57551870e-59]
 ...
 [2.47620025e-35 1.35349616e-67 1.33572462e-37 ... 1.00000000e+00
  5.53864962e-38 3.44067925e-57]
 [6.17428826e-41 2.17929252e-46 3.41940944e-35 ... 5.53864962e-38
  1.00000000e+00 3.39492724e-60]
 [4.83659943e-68 1.87720920e-62 2.57551870e-59 ... 3.44067925e-57
  3.39492724e-60 1.00000000e+00]] 
Gram(X) mean : 0.00010147410293311914
Gram(Y) : [[1. 0. 0. ... 0. 0. 0.]
 [0. 1. 0. ... 0. 0. 0.]
 [0. 0. 1. ... 0. 0. 0.]
 ...
 [0. 0. 0. ... 1. 0. 0.]
 [0. 0. 0. ... 0. 1. 0.]
 [0. 0. 0. ... 0. 0. 1.]] 
Gram(Y) mean : 0.00010015355465406642

-------------------------------------------------
HSIC(in_data, lay4) = 0.00010001030176422687
m : 10000
sigma : 1
-------------------------------------------------

in_data.shape : (10000, 784)
act4.shape : (10000, 64)
Gram(X) : [[1.00000000e+00 7.08904968e-56 2.28736434e-32 ... 2.47620025e-35
  6.17428826e-41 4.83659943e-68]
 [7.08904968e-56 1.00000000e+00 1.18689117e-42 ... 1.35349616e-67
  2.17929252e-46 1.87720920e-62]
 [2.28736434e-32 1.18689117e-42 1.00000000e+00 ... 1.33572462e-37
  3.41940944e-35 2.57551870e-59]
 ...
 [2.47620025e-35 1.35349616e-67 1.33572462e-37 ... 1.00000000e+00
  5.53864962e-38 3.44067925e-57]
 [6.17428826e-41 2.17929252e-46 3.41940944e-35 ... 5.53864962e-38
  1.00000000e+00 3.39492724e-60]
 [4.83659943e-68 1.87720920e-62 2.57551870e-59 ... 3.44067925e-57
  3.39492724e-60 1.00000000e+00]] 
Gram(X) mean : 0.00010147410293311914
Gram(Y) : [[1. 0. 0. ... 0. 0. 0.]
 [0. 1. 0. ... 0. 0. 0.]
 [0. 0. 1. ... 0. 0. 0.]
 ...
 [0. 0. 0. ... 1. 0. 0.]
 [0. 0. 0. ... 0. 1. 0.]
 [0. 0. 0. ... 0. 0. 1.]] 
Gram(Y) mean : 0.00015579219069671043

-------------------------------------------------
HSIC(in_data, act4) = 0.00010003517973098781
m : 10000
sigma : 1
-------------------------------------------------

in_data.shape : (10000, 784)
lay5.shape : (10000, 10)
Gram(X) : [[1.00000000e+00 7.08904968e-56 2.28736434e-32 ... 2.47620025e-35
  6.17428826e-41 4.83659943e-68]
 [7.08904968e-56 1.00000000e+00 1.18689117e-42 ... 1.35349616e-67
  2.17929252e-46 1.87720920e-62]
 [2.28736434e-32 1.18689117e-42 1.00000000e+00 ... 1.33572462e-37
  3.41940944e-35 2.57551870e-59]
 ...
 [2.47620025e-35 1.35349616e-67 1.33572462e-37 ... 1.00000000e+00
  5.53864962e-38 3.44067925e-57]
 [6.17428826e-41 2.17929252e-46 3.41940944e-35 ... 5.53864962e-38
  1.00000000e+00 3.39492724e-60]
 [4.83659943e-68 1.87720920e-62 2.57551870e-59 ... 3.44067925e-57
  3.39492724e-60 1.00000000e+00]] 
Gram(X) mean : 0.00010147410293311914
Gram(Y) : [[1.00000000e+000 0.00000000e+000 2.85232770e-238 ... 6.15237254e-253
  0.00000000e+000 0.00000000e+000]
 [0.00000000e+000 1.00000000e+000 3.72903136e-121 ... 0.00000000e+000
  1.45253784e-191 1.79587121e-198]
 [2.85232770e-238 3.72903136e-121 1.00000000e+000 ... 1.50080368e-209
  6.77865798e-175 1.76698294e-147]
 ...
 [6.15237254e-253 0.00000000e+000 1.50080368e-209 ... 1.00000000e+000
  1.18360672e-284 2.04240416e-274]
 [0.00000000e+000 1.45253784e-191 6.77865798e-175 ... 1.18360672e-284
  1.00000000e+000 2.83153442e-140]
 [0.00000000e+000 1.79587121e-198 1.76698294e-147 ... 2.04240416e-274
  2.83153442e-140 1.00000000e+000]] 
Gram(Y) mean : 0.0018404061602403693

-------------------------------------------------
HSIC(in_data, lay5) = 9.998866828865772e-05
m : 10000
sigma : 1
-------------------------------------------------

lay1.shape : (10000, 784)
act5.shape : (10000, 10)
Gram(X) : [[1.00000000e+00 7.08904968e-56 2.28736434e-32 ... 2.47620025e-35
  6.17428826e-41 4.83659943e-68]
 [7.08904968e-56 1.00000000e+00 1.18689117e-42 ... 1.35349616e-67
  2.17929252e-46 1.87720920e-62]
 [2.28736434e-32 1.18689117e-42 1.00000000e+00 ... 1.33572462e-37
  3.41940944e-35 2.57551870e-59]
 ...
 [2.47620025e-35 1.35349616e-67 1.33572462e-37 ... 1.00000000e+00
  5.53864962e-38 3.44067925e-57]
 [6.17428826e-41 2.17929252e-46 3.41940944e-35 ... 5.53864962e-38
  1.00000000e+00 3.39492724e-60]
 [4.83659943e-68 1.87720920e-62 2.57551870e-59 ... 3.44067925e-57
  3.39492724e-60 1.00000000e+00]] 
Gram(X) mean : 0.00010147410293311914
Gram(Y) : [[1.         0.97481243 0.97481243 ... 0.97481243 0.97481243 0.97481243]
 [0.97481243 1.         0.97481243 ... 0.97481243 0.97481243 0.97481243]
 [0.97481243 0.97481243 1.         ... 0.97481243 0.97481243 0.97481243]
 ...
 [0.97481243 0.97481243 0.97481243 ... 1.         0.97481243 0.97481243]
 [0.97481243 0.97481243 0.97481243 ... 0.97481243 1.         0.97481243]
 [0.97481243 0.97481243 0.97481243 ... 0.97481243 0.97481243 1.        ]] 
Gram(Y) mean : 0.9775174555627063

-------------------------------------------------
HSIC(lay1, act5) = 2.2811268323249765e-06
m : 10000
sigma : 1
-------------------------------------------------

