
Model intermediate layer output
==========================

in_data : (10000, 784)
----------------------------------------------
layer1_output : (10000, 512)
----------------------------------------------
activation1_output : (10000, 512)
----------------------------------------------
layer2_output : (10000, 256)
----------------------------------------------
activation2_output : (10000, 256)
----------------------------------------------
layer3_output : (10000, 128)
----------------------------------------------
activation3_output : (10000, 128)
----------------------------------------------
layer4_output : (10000, 64)
----------------------------------------------
activation4_output : (10000, 64)
----------------------------------------------
layer5_output : (10000, 10)
----------------------------------------------
activation5_output : (10000, 10)
act5.shape : (10000, 10)
in_data.shape : (10000, 784)
Gram(X) : [[1.         0.99982224 0.99982224 ... 0.99982224 0.99982224 0.99982224]
 [0.99982224 1.         0.99982224 ... 0.99982224 0.99982224 0.99982224]
 [0.99982224 0.99982224 1.         ... 0.99982224 0.99982224 0.99982224]
 ...
 [0.99982224 0.99982224 0.99982224 ... 1.         0.99982224 0.99982224]
 [0.99982224 0.99982224 0.99982224 ... 0.99982224 1.         0.99982224]
 [0.99982224 0.99982224 0.99982224 ... 0.99982224 0.99982224 1.        ]] 
Gram(X) mean : 0.9998413410311084
Gram(Y) : [[1.         0.41273365 0.60186588 ... 0.57389592 0.5245478  0.33953617]
 [0.41273365 1.         0.5102996  ... 0.34197988 0.48060556 0.37139407]
 [0.60186588 0.5102996  1.         ... 0.55338479 0.57518816 0.39056995]
 ...
 [0.57389592 0.34197988 0.55338479 ... 1.         0.55000029 0.40412261]
 [0.5245478  0.48060556 0.57518816 ... 0.55000029 1.         0.3850933 ]
 [0.33953617 0.37139407 0.39056995 ... 0.40412261 0.3850933  1.        ]] 
Gram(Y) mean : 0.4881784045598234

-------------------------------------------------
HSIC(act5, in_data) = 1.5837222526884074e-06
m : 10000
sigma : 75
-------------------------------------------------

act5.shape : (10000, 10)
layer1_output.shape : (10000, 512)
Gram(X) : [[1.         0.99982224 0.99982224 ... 0.99982224 0.99982224 0.99982224]
 [0.99982224 1.         0.99982224 ... 0.99982224 0.99982224 0.99982224]
 [0.99982224 0.99982224 1.         ... 0.99982224 0.99982224 0.99982224]
 ...
 [0.99982224 0.99982224 0.99982224 ... 1.         0.99982224 0.99982224]
 [0.99982224 0.99982224 0.99982224 ... 0.99982224 1.         0.99982224]
 [0.99982224 0.99982224 0.99982224 ... 0.99982224 0.99982224 1.        ]] 
Gram(X) mean : 0.9998413410311084
Gram(Y) : [[1.00000000e+00 5.51442883e-42 1.26693817e-19 ... 8.16599647e-21
  8.32417626e-25 9.12037248e-52]
 [5.51442883e-42 1.00000000e+00 2.21586385e-32 ... 2.46347278e-51
  1.35711760e-37 4.33763228e-39]
 [1.26693817e-19 2.21586385e-32 1.00000000e+00 ... 7.88299944e-29
  2.03744574e-25 3.69643286e-52]
 ...
 [8.16599647e-21 2.46347278e-51 7.88299944e-29 ... 1.00000000e+00
  1.45496331e-23 1.73379972e-40]
 [8.32417626e-25 1.35711760e-37 2.03744574e-25 ... 1.45496331e-23
  1.00000000e+00 6.88077736e-45]
 [9.12037248e-52 4.33763228e-39 3.69643286e-52 ... 1.73379972e-40
  6.88077736e-45 1.00000000e+00]] 
Gram(Y) mean : 0.00019302139954631672

-------------------------------------------------
HSIC(act5, layer1_output) = 3.030216741888881e-08
m : 10000
sigma : 75
-------------------------------------------------

act5.shape : (10000, 10)
activation1_output.shape : (10000, 512)
Gram(X) : [[1.         0.99982224 0.99982224 ... 0.99982224 0.99982224 0.99982224]
 [0.99982224 1.         0.99982224 ... 0.99982224 0.99982224 0.99982224]
 [0.99982224 0.99982224 1.         ... 0.99982224 0.99982224 0.99982224]
 ...
 [0.99982224 0.99982224 0.99982224 ... 1.         0.99982224 0.99982224]
 [0.99982224 0.99982224 0.99982224 ... 0.99982224 1.         0.99982224]
 [0.99982224 0.99982224 0.99982224 ... 0.99982224 0.99982224 1.        ]] 
Gram(X) mean : 0.9998413410311084
Gram(Y) : [[1.00000000e+00 9.21040637e-04 2.71731866e-02 ... 1.48634500e-02
  1.12209065e-02 5.07917110e-04]
 [9.21040637e-04 1.00000000e+00 4.21258087e-03 ... 4.10031189e-04
  7.47391235e-04 2.07789486e-04]
 [2.71731866e-02 4.21258087e-03 1.00000000e+00 ... 4.66649787e-02
  2.66457081e-02 2.12796970e-03]
 ...
 [1.48634500e-02 4.10031189e-04 4.66649787e-02 ... 1.00000000e+00
  8.71713876e-03 6.13312787e-04]
 [1.12209065e-02 7.47391235e-04 2.66457081e-02 ... 8.71713876e-03
  1.00000000e+00 8.53434968e-04]
 [5.07917110e-04 2.07789486e-04 2.12796970e-03 ... 6.13312787e-04
  8.53434968e-04 1.00000000e+00]] 
Gram(Y) mean : 0.028623030521692606

-------------------------------------------------
HSIC(act5, activation1_output) = 1.2122053751234935e-06
m : 10000
sigma : 75
-------------------------------------------------

act5.shape : (10000, 10)
layer2_output.shape : (10000, 256)
Gram(X) : [[1.         0.99982224 0.99982224 ... 0.99982224 0.99982224 0.99982224]
 [0.99982224 1.         0.99982224 ... 0.99982224 0.99982224 0.99982224]
 [0.99982224 0.99982224 1.         ... 0.99982224 0.99982224 0.99982224]
 ...
 [0.99982224 0.99982224 0.99982224 ... 1.         0.99982224 0.99982224]
 [0.99982224 0.99982224 0.99982224 ... 0.99982224 1.         0.99982224]
 [0.99982224 0.99982224 0.99982224 ... 0.99982224 0.99982224 1.        ]] 
Gram(X) mean : 0.9998413410311084
Gram(Y) : [[1.00000000e+00 3.65844514e-62 1.27903962e-32 ... 1.14439816e-43
  2.04600363e-43 2.32159573e-70]
 [3.65844514e-62 1.00000000e+00 2.80712361e-55 ... 2.47287091e-89
  2.37420990e-72 5.58323243e-60]
 [1.27903962e-32 2.80712361e-55 1.00000000e+00 ... 2.40020223e-24
  2.35114250e-38 1.94173998e-52]
 ...
 [1.14439816e-43 2.47287091e-89 2.40020223e-24 ... 1.00000000e+00
  3.60315685e-48 7.36111813e-63]
 [2.04600363e-43 2.37420990e-72 2.35114250e-38 ... 3.60315685e-48
  1.00000000e+00 6.61080598e-55]
 [2.32159573e-70 5.58323243e-60 1.94173998e-52 ... 7.36111813e-63
  6.61080598e-55 1.00000000e+00]] 
Gram(Y) mean : 0.0002023607134415622

-------------------------------------------------
HSIC(act5, layer2_output) = 3.181505095468415e-08
m : 10000
sigma : 75
-------------------------------------------------

act5.shape : (10000, 10)
activation2_output.shape : (10000, 256)
Gram(X) : [[1.         0.99982224 0.99982224 ... 0.99982224 0.99982224 0.99982224]
 [0.99982224 1.         0.99982224 ... 0.99982224 0.99982224 0.99982224]
 [0.99982224 0.99982224 1.         ... 0.99982224 0.99982224 0.99982224]
 ...
 [0.99982224 0.99982224 0.99982224 ... 1.         0.99982224 0.99982224]
 [0.99982224 0.99982224 0.99982224 ... 0.99982224 1.         0.99982224]
 [0.99982224 0.99982224 0.99982224 ... 0.99982224 0.99982224 1.        ]] 
Gram(X) mean : 0.9998413410311084
Gram(Y) : [[1.00000000e+00 8.66092712e-12 6.38821906e-06 ... 1.30686728e-08
  7.21382662e-11 1.07220384e-12]
 [8.66092712e-12 1.00000000e+00 1.47370371e-10 ... 1.95135966e-15
  1.28123308e-14 8.02927834e-14]
 [6.38821906e-06 1.47370371e-10 1.00000000e+00 ... 8.54001622e-08
  3.02484943e-10 5.11239001e-11]
 ...
 [1.30686728e-08 1.95135966e-15 8.54001622e-08 ... 1.00000000e+00
  1.90776065e-13 3.69074648e-14]
 [7.21382662e-11 1.28123308e-14 3.02484943e-10 ... 1.90776065e-13
  1.00000000e+00 3.44252796e-13]
 [1.07220384e-12 8.02927834e-14 5.11239001e-11 ... 3.69074648e-14
  3.44252796e-13 1.00000000e+00]] 
Gram(Y) mean : 0.005640681756966317

-------------------------------------------------
HSIC(act5, activation2_output) = 8.012884461000806e-07
m : 10000
sigma : 75
-------------------------------------------------

act5.shape : (10000, 10)
layer3_output.shape : (10000, 128)
Gram(X) : [[1.         0.99982224 0.99982224 ... 0.99982224 0.99982224 0.99982224]
 [0.99982224 1.         0.99982224 ... 0.99982224 0.99982224 0.99982224]
 [0.99982224 0.99982224 1.         ... 0.99982224 0.99982224 0.99982224]
 ...
 [0.99982224 0.99982224 0.99982224 ... 1.         0.99982224 0.99982224]
 [0.99982224 0.99982224 0.99982224 ... 0.99982224 1.         0.99982224]
 [0.99982224 0.99982224 0.99982224 ... 0.99982224 0.99982224 1.        ]] 
Gram(X) mean : 0.9998413410311084
Gram(Y) : [[1.00000000e+000 2.41322117e-094 1.69899982e-047 ... 2.04270073e-079
  3.97690853e-088 1.44360841e-120]
 [2.41322117e-094 1.00000000e+000 2.42792038e-096 ... 1.06451907e-118
  3.59356636e-142 2.25351757e-110]
 [1.69899982e-047 2.42792038e-096 1.00000000e+000 ... 2.54751603e-074
  2.23888305e-106 6.57593109e-093]
 ...
 [2.04270073e-079 1.06451907e-118 2.54751603e-074 ... 1.00000000e+000
  3.85230540e-133 1.86336285e-123]
 [3.97690853e-088 3.59356636e-142 2.23888305e-106 ... 3.85230540e-133
  1.00000000e+000 3.38942311e-102]
 [1.44360841e-120 2.25351757e-110 6.57593109e-093 ... 1.86336285e-123
  3.38942311e-102 1.00000000e+000]] 
Gram(Y) mean : 0.0003860698986916263

-------------------------------------------------
HSIC(act5, layer3_output) = 6.116697142962392e-08
m : 10000
sigma : 75
-------------------------------------------------

act5.shape : (10000, 10)
activation3_output.shape : (10000, 128)
Gram(X) : [[1.         0.99982224 0.99982224 ... 0.99982224 0.99982224 0.99982224]
 [0.99982224 1.         0.99982224 ... 0.99982224 0.99982224 0.99982224]
 [0.99982224 0.99982224 1.         ... 0.99982224 0.99982224 0.99982224]
 ...
 [0.99982224 0.99982224 0.99982224 ... 1.         0.99982224 0.99982224]
 [0.99982224 0.99982224 0.99982224 ... 0.99982224 1.         0.99982224]
 [0.99982224 0.99982224 0.99982224 ... 0.99982224 0.99982224 1.        ]] 
Gram(X) mean : 0.9998413410311084
Gram(Y) : [[1.00000000e+00 2.03669563e-15 2.55498360e-09 ... 8.96298232e-20
  1.37015354e-20 1.55406258e-28]
 [2.03669563e-15 1.00000000e+00 1.80506020e-15 ... 4.60876145e-25
  1.44497221e-21 3.42576844e-29]
 [2.55498360e-09 1.80506020e-15 1.00000000e+00 ... 2.01091987e-20
  5.39295882e-18 4.15587644e-23]
 ...
 [8.96298232e-20 4.60876145e-25 2.01091987e-20 ... 1.00000000e+00
  6.84842193e-30 8.54637062e-32]
 [1.37015354e-20 1.44497221e-21 5.39295882e-18 ... 6.84842193e-30
  1.00000000e+00 4.51156568e-19]
 [1.55406258e-28 3.42576844e-29 4.15587644e-23 ... 8.54637062e-32
  4.51156568e-19 1.00000000e+00]] 
Gram(Y) mean : 0.014466535152790247

-------------------------------------------------
HSIC(act5, activation3_output) = 2.1864095854826295e-06
m : 10000
sigma : 75
-------------------------------------------------

act5.shape : (10000, 10)
layer4_output.shape : (10000, 64)
Gram(X) : [[1.         0.99982224 0.99982224 ... 0.99982224 0.99982224 0.99982224]
 [0.99982224 1.         0.99982224 ... 0.99982224 0.99982224 0.99982224]
 [0.99982224 0.99982224 1.         ... 0.99982224 0.99982224 0.99982224]
 ...
 [0.99982224 0.99982224 0.99982224 ... 1.         0.99982224 0.99982224]
 [0.99982224 0.99982224 0.99982224 ... 0.99982224 1.         0.99982224]
 [0.99982224 0.99982224 0.99982224 ... 0.99982224 0.99982224 1.        ]] 
Gram(X) mean : 0.9998413410311084
Gram(Y) : [[1.00000000e+00 2.18410336e-33 5.59439275e-21 ... 2.16050547e-32
  3.19383333e-29 5.06446205e-53]
 [2.18410336e-33 1.00000000e+00 7.61132330e-35 ... 3.58603118e-47
  8.41427017e-52 1.61924585e-61]
 [5.59439275e-21 7.61132330e-35 1.00000000e+00 ... 1.16583852e-40
  7.51442711e-33 2.63882434e-44]
 ...
 [2.16050547e-32 3.58603118e-47 1.16583852e-40 ... 1.00000000e+00
  8.95853358e-56 3.01524295e-46]
 [3.19383333e-29 8.41427017e-52 7.51442711e-33 ... 8.95853358e-56
  1.00000000e+00 1.73490821e-45]
 [5.06446205e-53 1.61924585e-61 2.63882434e-44 ... 3.01524295e-46
  1.73490821e-45 1.00000000e+00]] 
Gram(Y) mean : 0.009244218951281252

-------------------------------------------------
HSIC(act5, layer4_output) = 1.4516917897610989e-06
m : 10000
sigma : 75
-------------------------------------------------

act5.shape : (10000, 10)
activation4_output.shape : (10000, 64)
Gram(X) : [[1.         0.99982224 0.99982224 ... 0.99982224 0.99982224 0.99982224]
 [0.99982224 1.         0.99982224 ... 0.99982224 0.99982224 0.99982224]
 [0.99982224 0.99982224 1.         ... 0.99982224 0.99982224 0.99982224]
 ...
 [0.99982224 0.99982224 0.99982224 ... 1.         0.99982224 0.99982224]
 [0.99982224 0.99982224 0.99982224 ... 0.99982224 1.         0.99982224]
 [0.99982224 0.99982224 0.99982224 ... 0.99982224 0.99982224 1.        ]] 
Gram(X) mean : 0.9998413410311084
Gram(Y) : [[1.00000000e+00 1.75144234e-07 4.49090345e-04 ... 5.29203854e-04
  2.11039644e-05 3.05516221e-06]
 [1.75144234e-07 1.00000000e+00 5.71019696e-07 ... 6.08393080e-07
  8.14048924e-08 3.62634991e-08]
 [4.49090345e-04 5.71019696e-07 1.00000000e+00 ... 8.31545988e-05
  1.37011090e-05 1.00700641e-06]
 ...
 [5.29203854e-04 6.08393080e-07 8.31545988e-05 ... 1.00000000e+00
  2.37878613e-06 2.98127055e-07]
 [2.11039644e-05 8.14048924e-08 1.37011090e-05 ... 2.37878613e-06
  1.00000000e+00 3.51566846e-07]
 [3.05516221e-06 3.62634991e-08 1.00700641e-06 ... 2.98127055e-07
  3.51566846e-07 1.00000000e+00]] 
Gram(Y) mean : 0.06357783344896628

-------------------------------------------------
HSIC(act5, activation4_output) = 6.354812952746308e-06
m : 10000
sigma : 75
-------------------------------------------------

act5.shape : (10000, 10)
layer5_output.shape : (10000, 10)
Gram(X) : [[1.         0.99982224 0.99982224 ... 0.99982224 0.99982224 0.99982224]
 [0.99982224 1.         0.99982224 ... 0.99982224 0.99982224 0.99982224]
 [0.99982224 0.99982224 1.         ... 0.99982224 0.99982224 0.99982224]
 ...
 [0.99982224 0.99982224 0.99982224 ... 1.         0.99982224 0.99982224]
 [0.99982224 0.99982224 0.99982224 ... 0.99982224 1.         0.99982224]
 [0.99982224 0.99982224 0.99982224 ... 0.99982224 0.99982224 1.        ]] 
Gram(X) mean : 0.9998413410311084
Gram(Y) : [[1.00000000e+00 1.17599796e-03 2.21093858e-02 ... 1.74730959e-02
  5.93646638e-04 5.32466417e-05]
 [1.17599796e-03 1.00000000e+00 1.44793089e-01 ... 1.10660829e-03
  4.67812768e-02 4.18728012e-02]
 [2.21093858e-02 1.44793089e-01 1.00000000e+00 ... 3.50534690e-02
  6.11274941e-02 9.49065679e-02]
 ...
 [1.74730959e-02 1.10660829e-03 3.50534690e-02 ... 1.00000000e+00
  1.05037827e-02 1.23790064e-02]
 [5.93646638e-04 4.67812768e-02 6.11274941e-02 ... 1.05037827e-02
  1.00000000e+00 1.06538271e-01]
 [5.32466417e-05 4.18728012e-02 9.49065679e-02 ... 1.23790064e-02
  1.06538271e-01 1.00000000e+00]] 
Gram(Y) mean : 0.23104943358531285

-------------------------------------------------
HSIC(act5, layer5_output) = 6.504984405484515e-06
m : 10000
sigma : 75
-------------------------------------------------

act5.shape : (10000, 10)
actrvation5_output.shape : (10000, 10)
Gram(X) : [[1.         0.99982224 0.99982224 ... 0.99982224 0.99982224 0.99982224]
 [0.99982224 1.         0.99982224 ... 0.99982224 0.99982224 0.99982224]
 [0.99982224 0.99982224 1.         ... 0.99982224 0.99982224 0.99982224]
 ...
 [0.99982224 0.99982224 0.99982224 ... 1.         0.99982224 0.99982224]
 [0.99982224 0.99982224 0.99982224 ... 0.99982224 1.         0.99982224]
 [0.99982224 0.99982224 0.99982224 ... 0.99982224 0.99982224 1.        ]] 
Gram(X) mean : 0.9998413410311084
Gram(Y) : [[1.         0.99982224 0.99982224 ... 0.99982224 0.99982224 0.99982224]
 [0.99982224 1.         0.99982224 ... 0.99982224 0.99982224 0.99982224]
 [0.99982224 0.99982224 1.         ... 0.99982224 0.99982224 0.99982224]
 ...
 [0.99982224 0.99982224 0.99982224 ... 1.         0.99982224 0.99982224]
 [0.99982224 0.99982224 0.99982224 ... 0.99982224 1.         0.99982224]
 [0.99982224 0.99982224 0.99982224 ... 0.99982224 0.99982224 1.        ]] 
Gram(Y) mean : 0.9998413410311084

-------------------------------------------------
HSIC(act5, actrvation5_output) = 2.8070682785382508e-09
m : 10000
sigma : 75
-------------------------------------------------

