
Model intermediate layer output
==========================

in_data : (10000, 784)
----------------------------------------------
layer1_output : (10000, 512)
----------------------------------------------
activation1_output : (10000, 512)
----------------------------------------------
layer2_output : (10000, 256)
----------------------------------------------
activation2_output : (10000, 256)
----------------------------------------------
layer3_output : (10000, 128)
----------------------------------------------
activation3_output : (10000, 128)
----------------------------------------------
layer4_output : (10000, 64)
----------------------------------------------
activation4_output : (10000, 64)
----------------------------------------------
layer5_output : (10000, 10)
----------------------------------------------
activation5_output : (10000, 10)
in_data.shape : (10000, 784)
in_data.shape : (10000, 784)
Gram(X) : [[1.00000000e+00 2.66252694e-28 1.51240350e-16 ... 4.97614334e-18
  7.85766394e-21 2.19922701e-34]
 [2.66252694e-28 1.00000000e+00 1.08944535e-21 ... 3.67898921e-34
  1.47624270e-23 1.37011284e-31]
 [1.51240350e-16 1.08944535e-21 1.00000000e+00 ... 3.65475665e-19
  5.84757167e-18 5.07495685e-30]
 ...
 [4.97614334e-18 3.67898921e-34 3.65475665e-19 ... 1.00000000e+00
  2.35343358e-19 5.86573035e-29]
 [7.85766394e-21 1.47624270e-23 5.84757167e-18 ... 2.35343358e-19
  1.00000000e+00 1.84253283e-30]
 [2.19922701e-34 1.37011284e-31 5.07495685e-30 ... 5.86573035e-29
  1.84253283e-30 1.00000000e+00]] 
Gram(X) mean : 0.00011658795700780055
Gram(Y) : [[1.00000000e+00 2.66252694e-28 1.51240350e-16 ... 4.97614334e-18
  7.85766394e-21 2.19922701e-34]
 [2.66252694e-28 1.00000000e+00 1.08944535e-21 ... 3.67898921e-34
  1.47624270e-23 1.37011284e-31]
 [1.51240350e-16 1.08944535e-21 1.00000000e+00 ... 3.65475665e-19
  5.84757167e-18 5.07495685e-30]
 ...
 [4.97614334e-18 3.67898921e-34 3.65475665e-19 ... 1.00000000e+00
  2.35343358e-19 5.86573035e-29]
 [7.85766394e-21 1.47624270e-23 5.84757167e-18 ... 2.35343358e-19
  1.00000000e+00 1.84253283e-30]
 [2.19922701e-34 1.37011284e-31 5.07495685e-30 ... 5.86573035e-29
  1.84253283e-30 1.00000000e+00]] 
Gram(Y) mean : 0.00011658795700780055

-------------------------------------------------
HSIC(in_data, in_data) = 0.00010147211394893423
m : 10000
sigma : 1
-------------------------------------------------

in_data.shape : (10000, 784)
lay1.shape : (10000, 512)
Gram(X) : [[1.00000000e+00 2.66252694e-28 1.51240350e-16 ... 4.97614334e-18
  7.85766394e-21 2.19922701e-34]
 [2.66252694e-28 1.00000000e+00 1.08944535e-21 ... 3.67898921e-34
  1.47624270e-23 1.37011284e-31]
 [1.51240350e-16 1.08944535e-21 1.00000000e+00 ... 3.65475665e-19
  5.84757167e-18 5.07495685e-30]
 ...
 [4.97614334e-18 3.67898921e-34 3.65475665e-19 ... 1.00000000e+00
  2.35343358e-19 5.86573035e-29]
 [7.85766394e-21 1.47624270e-23 5.84757167e-18 ... 2.35343358e-19
  1.00000000e+00 1.84253283e-30]
 [2.19922701e-34 1.37011284e-31 5.07495685e-30 ... 5.86573035e-29
  1.84253283e-30 1.00000000e+00]] 
Gram(X) mean : 0.00011658795700780055
Gram(Y) : [[1. 0. 0. ... 0. 0. 0.]
 [0. 1. 0. ... 0. 0. 0.]
 [0. 0. 1. ... 0. 0. 0.]
 ...
 [0. 0. 0. ... 1. 0. 0.]
 [0. 0. 0. ... 0. 1. 0.]
 [0. 0. 0. ... 0. 0. 1.]] 
Gram(Y) mean : 0.0001000000010816489

-------------------------------------------------
HSIC(in_data, lay1) = 0.00010000834246534622
m : 10000
sigma : 1
-------------------------------------------------

in_data.shape : (10000, 784)
act1.shape : (10000, 512)
