
Model intermediate layer output
==========================

in_data : (10000, 784)
----------------------------------------------
layer1_output : (10000, 512)
----------------------------------------------
activation1_output : (10000, 512)
----------------------------------------------
layer2_output : (10000, 256)
----------------------------------------------
activation2_output : (10000, 256)
----------------------------------------------
layer3_output : (10000, 128)
----------------------------------------------
activation3_output : (10000, 128)
----------------------------------------------
layer4_output : (10000, 64)
----------------------------------------------
activation4_output : (10000, 64)
----------------------------------------------
layer5_output : (10000, 10)
----------------------------------------------
activation5_output : (10000, 10)
in_data.shape : (10000, 784)
in_data.shape : (10000, 784)
Gram(X) : [[1.         0.9887758  0.9935449  ... 0.99294203 0.99180394 0.98631674]
 [0.9887758  1.         0.99145562 ... 0.98640696 0.99069777 0.98744565]
 [0.9935449  0.99145562 1.         ... 0.99248119 0.99297051 0.98807993]
 ...
 [0.99294203 0.98640696 0.99248119 ... 1.         0.99240353 0.98850993]
 [0.99180394 0.99069777 0.99297051 ... 0.99240353 1.         0.98790197]
 [0.98631674 0.98744565 0.98807993 ... 0.98850993 0.98790197 1.        ]] 
Gram(X) mean : 0.9906519159899633
Gram(Y) : [[1.         0.9887758  0.9935449  ... 0.99294203 0.99180394 0.98631674]
 [0.9887758  1.         0.99145562 ... 0.98640696 0.99069777 0.98744565]
 [0.9935449  0.99145562 1.         ... 0.99248119 0.99297051 0.98807993]
 ...
 [0.99294203 0.98640696 0.99248119 ... 1.         0.99240353 0.98850993]
 [0.99180394 0.99069777 0.99297051 ... 0.99240353 1.         0.98790197]
 [0.98631674 0.98744565 0.98807993 ... 0.98850993 0.98790197 1.        ]] 
Gram(Y) mean : 0.9906519159899633

-------------------------------------------------
HSIC(in_data, in_data) = 2.949960588868029e-06
m : 10000
sigma : 75
-------------------------------------------------

in_data.shape : (10000, 784)
layer1_output.shape : (10000, 512)
Gram(X) : [[1.         0.9887758  0.9935449  ... 0.99294203 0.99180394 0.98631674]
 [0.9887758  1.         0.99145562 ... 0.98640696 0.99069777 0.98744565]
 [0.9935449  0.99145562 1.         ... 0.99248119 0.99297051 0.98807993]
 ...
 [0.99294203 0.98640696 0.99248119 ... 1.         0.99240353 0.98850993]
 [0.99180394 0.99069777 0.99297051 ... 0.99240353 1.         0.98790197]
 [0.98631674 0.98744565 0.98807993 ... 0.98850993 0.98790197 1.        ]] 
Gram(X) mean : 0.9906519159899633
Gram(Y) : [[1.         0.29767587 0.5740685  ... 0.55433925 0.49301655 0.22334681]
 [0.29767587 1.         0.39467914 ... 0.22619553 0.33865132 0.32410016]
 [0.5740685  0.39467914 1.         ... 0.43806588 0.4842447  0.22078869]
 ...
 [0.55433925 0.22619553 0.43806588 ... 1.         0.51134009 0.31106015]
 [0.49301655 0.33865132 0.4842447  ... 0.51134009 1.         0.27334086]
 [0.22334681 0.32410016 0.22078869 ... 0.31106015 0.27334086 1.        ]] 
Gram(Y) mean : 0.4446806396698412

-------------------------------------------------
HSIC(in_data, layer1_output) = 0.0001690372894172779
m : 10000
sigma : 75
-------------------------------------------------

