
Model intermediate layer output
==========================

in_data : (10000, 784)
----------------------------------------------
layer1_output : (10000, 512)
----------------------------------------------
activation1_output : (10000, 512)
----------------------------------------------
layer2_output : (10000, 256)
----------------------------------------------
activation2_output : (10000, 256)
----------------------------------------------
layer3_output : (10000, 128)
----------------------------------------------
activation3_output : (10000, 128)
----------------------------------------------
layer4_output : (10000, 64)
----------------------------------------------
activation4_output : (10000, 64)
----------------------------------------------
layer5_output : (10000, 10)
----------------------------------------------
activation5_output : (10000, 10)
in_data.shape : (10000, 784)
activation1_output.shape : (10000, 512)
Gram(X) : [[1.         0.9887758  0.9935449  ... 0.99294203 0.99180394 0.98631674]
 [0.9887758  1.         0.99145562 ... 0.98640696 0.99069777 0.98744565]
 [0.9935449  0.99145562 1.         ... 0.99248119 0.99297051 0.98807993]
 ...
 [0.99294203 0.98640696 0.99248119 ... 1.         0.99240353 0.98850993]
 [0.99180394 0.99069777 0.99297051 ... 0.99240353 1.         0.98790197]
 [0.98631674 0.98744565 0.98807993 ... 0.98850993 0.98790197 1.        ]] 
Gram(X) mean : 0.9906519159899633
Gram(Y) : [[1.         0.91470082 0.95505263 ... 0.94773125 0.94433896 0.90778301]
 [0.91470082 1.         0.93261172 ... 0.90530753 0.91226662 0.89749268]
 [0.95505263 0.93261172 1.         ... 0.96166286 0.95481386 0.92452344]
 ...
 [0.94773125 0.90530753 0.96166286 ... 1.         0.9413026  0.90996891]
 [0.94433896 0.91226662 0.95481386 ... 0.9413026  1.         0.91381181]
 [0.90778301 0.89749268 0.92452344 ... 0.90996891 0.91381181 1.        ]] 
Gram(Y) mean : 0.9399244801677541

-------------------------------------------------
HSIC(in_data, activation1_output) = 1.4489168878893332e-05
m : 10000
sigma : 75
-------------------------------------------------

in_data.shape : (10000, 784)
layer2_output.shape : (10000, 256)
Gram(X) : [[1.         0.9887758  0.9935449  ... 0.99294203 0.99180394 0.98631674]
 [0.9887758  1.         0.99145562 ... 0.98640696 0.99069777 0.98744565]
 [0.9935449  0.99145562 1.         ... 0.99248119 0.99297051 0.98807993]
 ...
 [0.99294203 0.98640696 0.99248119 ... 1.         0.99240353 0.98850993]
 [0.99180394 0.99069777 0.99297051 ... 0.99240353 1.         0.98790197]
 [0.98631674 0.98744565 0.98807993 ... 0.98850993 0.98790197 1.        ]] 
Gram(X) mean : 0.9906519159899633
Gram(Y) : [[1.         0.16457679 0.39192237 ... 0.28332035 0.28542779 0.12936253]
 [0.16457679 1.         0.20145916 ... 0.07409881 0.12201759 0.17547711]
 [0.39192237 0.20145916 1.         ... 0.49972106 0.33116301 0.2189831 ]
 ...
 [0.28332035 0.07409881 0.49972106 ... 1.         0.24823079 0.1612451 ]
 [0.28542779 0.12201759 0.33116301 ... 0.24823079 1.         0.20367223]
 [0.12936253 0.17547711 0.2189831  ... 0.1612451  0.20367223 1.        ]] 
Gram(Y) mean : 0.35619326162650555

-------------------------------------------------
HSIC(in_data, layer2_output) = 0.0001411988730158939
m : 10000
sigma : 75
-------------------------------------------------

in_data.shape : (10000, 784)
activation2_output.shape : (10000, 256)
Gram(X) : [[1.         0.9887758  0.9935449  ... 0.99294203 0.99180394 0.98631674]
 [0.9887758  1.         0.99145562 ... 0.98640696 0.99069777 0.98744565]
 [0.9935449  0.99145562 1.         ... 0.99248119 0.99297051 0.98807993]
 ...
 [0.99294203 0.98640696 0.99248119 ... 1.         0.99240353 0.98850993]
 [0.99180394 0.99069777 0.99297051 ... 0.99240353 1.         0.98790197]
 [0.98631674 0.98744565 0.98807993 ... 0.98850993 0.98790197 1.        ]] 
Gram(X) mean : 0.9906519159899633
Gram(Y) : [[1.         0.72259925 0.85850354 ... 0.79330781 0.74240326 0.7035986 ]
 [0.72259925 1.         0.74919879 ... 0.64919737 0.66496897 0.68071891]
 [0.85850354 0.74919879 1.         ... 0.81253118 0.75610203 0.73914977]
 ...
 [0.79330781 0.64919737 0.81253118 ... 1.         0.68827467 0.67400353]
 [0.74240326 0.66496897 0.75610203 ... 0.68827467 1.         0.69347626]
 [0.7035986  0.68071891 0.73914977 ... 0.67400353 0.69347626 1.        ]] 
Gram(Y) mean : 0.8061733368779048

-------------------------------------------------
HSIC(in_data, activation2_output) = 4.699969979897797e-05
m : 10000
sigma : 75
-------------------------------------------------

in_data.shape : (10000, 784)
layer3_output.shape : (10000, 128)
Gram(X) : [[1.         0.9887758  0.9935449  ... 0.99294203 0.99180394 0.98631674]
 [0.9887758  1.         0.99145562 ... 0.98640696 0.99069777 0.98744565]
 [0.9935449  0.99145562 1.         ... 0.99248119 0.99297051 0.98807993]
 ...
 [0.99294203 0.98640696 0.99248119 ... 1.         0.99240353 0.98850993]
 [0.99180394 0.99069777 0.99297051 ... 0.99240353 1.         0.98790197]
 [0.98631674 0.98744565 0.98807993 ... 0.98850993 0.98790197 1.        ]] 
Gram(X) mean : 0.9906519159899633
Gram(Y) : [[1.         0.06395882 0.25318988 ... 0.09915249 0.07677119 0.02960885]
 [0.06395882 1.         0.0603148  ... 0.03127838 0.01569861 0.0399429 ]
 [0.25318988 0.0603148  1.         ... 0.11516023 0.04491836 0.06671272]
 ...
 [0.09915249 0.03127838 0.11516023 ... 1.         0.02046644 0.02720008]
 [0.07677119 0.01569861 0.04491836 ... 0.02046644 1.         0.0507857 ]
 [0.02960885 0.0399429  0.06671272 ... 0.02720008 0.0507857  1.        ]] 
Gram(Y) mean : 0.228854597440805

-------------------------------------------------
HSIC(in_data, layer3_output) = 0.00013516010978528657
m : 10000
sigma : 75
-------------------------------------------------

in_data.shape : (10000, 784)
activation3_output.shape : (10000, 128)
Gram(X) : [[1.         0.9887758  0.9935449  ... 0.99294203 0.99180394 0.98631674]
 [0.9887758  1.         0.99145562 ... 0.98640696 0.99069777 0.98744565]
 [0.9935449  0.99145562 1.         ... 0.99248119 0.99297051 0.98807993]
 ...
 [0.99294203 0.98640696 0.99248119 ... 1.         0.99240353 0.98850993]
 [0.99180394 0.99069777 0.99297051 ... 0.99240353 1.         0.98790197]
 [0.98631674 0.98744565 0.98807993 ... 0.98850993 0.98790197 1.        ]] 
Gram(X) mean : 0.9906519159899633
Gram(Y) : [[1.         0.64955189 0.77696304 ... 0.57153994 0.55801062 0.44187491]
 [0.64955189 1.         0.64855236 ... 0.48931275 0.54222793 0.43343396]
 [0.77696304 0.64855236 1.         ... 0.56074807 0.60220269 0.51823144]
 ...
 [0.57153994 0.48931275 0.56074807 ... 1.         0.42462443 0.40153343]
 [0.55801062 0.54222793 0.60220269 ... 0.42462443 1.         0.58344386]
 [0.44187491 0.43343396 0.51823144 ... 0.40153343 0.58344386 1.        ]] 
Gram(Y) mean : 0.6755300016057318

-------------------------------------------------
HSIC(in_data, activation3_output) = 8.24186213944905e-05
m : 10000
sigma : 75
-------------------------------------------------

in_data.shape : (10000, 784)
layer4_output.shape : (10000, 64)
Gram(X) : [[1.         0.9887758  0.9935449  ... 0.99294203 0.99180394 0.98631674]
 [0.9887758  1.         0.99145562 ... 0.98640696 0.99069777 0.98744565]
 [0.9935449  0.99145562 1.         ... 0.99248119 0.99297051 0.98807993]
 ...
 [0.99294203 0.98640696 0.99248119 ... 1.         0.99240353 0.98850993]
 [0.99180394 0.99069777 0.99297051 ... 0.99240353 1.         0.98790197]
 [0.98631674 0.98744565 0.98807993 ... 0.98850993 0.98790197 1.        ]] 
Gram(X) mean : 0.9906519159899633
Gram(Y) : [[1.         0.38318553 0.55167147 ... 0.39455179 0.43304656 0.21526131]
 [0.38318553 1.         0.36712549 ... 0.25561384 0.22311737 0.16772916]
 [0.55167147 0.36712549 1.         ... 0.30948948 0.38927254 0.27806776]
 ...
 [0.39455179 0.25561384 0.30948948 ... 1.         0.19854555 0.26265103]
 [0.43304656 0.22311737 0.38927254 ... 0.19854555 1.         0.26857922]
 [0.21526131 0.16772916 0.27806776 ... 0.26265103 0.26857922 1.        ]] 
Gram(Y) mean : 0.48431430506433615

-------------------------------------------------
HSIC(in_data, layer4_output) = 0.00011261276405355218
m : 10000
sigma : 75
-------------------------------------------------

in_data.shape : (10000, 784)
activation4_output.shape : (10000, 64)
Gram(X) : [[1.         0.9887758  0.9935449  ... 0.99294203 0.99180394 0.98631674]
 [0.9887758  1.         0.99145562 ... 0.98640696 0.99069777 0.98744565]
 [0.9935449  0.99145562 1.         ... 0.99248119 0.99297051 0.98807993]
 ...
 [0.99294203 0.98640696 0.99248119 ... 1.         0.99240353 0.98850993]
 [0.99180394 0.99069777 0.99297051 ... 0.99240353 1.         0.98790197]
 [0.98631674 0.98744565 0.98807993 ... 0.98850993 0.98790197 1.        ]] 
Gram(X) mean : 0.9906519159899633
Gram(Y) : [[1.         0.82000939 0.90635884 ... 0.90825851 0.87168944 0.85046422]
 [0.82000939 1.         0.83246397 ... 0.83313741 0.81203477 0.80370242]
 [0.90635884 0.83246397 1.         ... 0.88706968 0.86689964 0.83850965]
 ...
 [0.90825851 0.83313741 0.88706968 ... 1.         0.84775398 0.82559171]
 [0.87168944 0.81203477 0.86689964 ... 0.84775398 1.         0.82732981]
 [0.85046422 0.80370242 0.83850965 ... 0.82559171 0.82732981 1.        ]] 
Gram(Y) mean : 0.8992666352872315

-------------------------------------------------
HSIC(in_data, activation4_output) = 2.569158031549147e-05
m : 10000
sigma : 75
-------------------------------------------------

in_data.shape : (10000, 784)
layer5_output.shape : (10000, 10)
Gram(X) : [[1.         0.9887758  0.9935449  ... 0.99294203 0.99180394 0.98631674]
 [0.9887758  1.         0.99145562 ... 0.98640696 0.99069777 0.98744565]
 [0.9935449  0.99145562 1.         ... 0.99248119 0.99297051 0.98807993]
 ...
 [0.99294203 0.98640696 0.99248119 ... 1.         0.99240353 0.98850993]
 [0.99180394 0.99069777 0.99297051 ... 0.99240353 1.         0.98790197]
 [0.98631674 0.98744565 0.98807993 ... 0.98850993 0.98790197 1.        ]] 
Gram(X) mean : 0.9906519159899633
Gram(Y) : [[1.         0.91755633 0.95254369 ... 0.94968865 0.90959072 0.88204029]
 [0.91755633 1.         0.97565271 ... 0.91684483 0.9616934  0.96033466]
 [0.95254369 0.97565271 1.         ... 0.95815969 0.96498003 0.9704101 ]
 ...
 [0.94968865 0.91684483 0.95815969 ... 1.         0.94354379 0.94552281]
 [0.90959072 0.9616934  0.96498003 ... 0.94354379 1.         0.97184216]
 [0.88204029 0.96033466 0.9704101  ... 0.94552281 0.97184216 1.        ]] 
Gram(Y) mean : 0.9609376000864809

-------------------------------------------------
HSIC(in_data, layer5_output) = 9.351987591721856e-06
m : 10000
sigma : 75
-------------------------------------------------

in_data.shape : (10000, 784)
actrvation5_output.shape : (10000, 10)
Gram(X) : [[1.         0.9887758  0.9935449  ... 0.99294203 0.99180394 0.98631674]
 [0.9887758  1.         0.99145562 ... 0.98640696 0.99069777 0.98744565]
 [0.9935449  0.99145562 1.         ... 0.99248119 0.99297051 0.98807993]
 ...
 [0.99294203 0.98640696 0.99248119 ... 1.         0.99240353 0.98850993]
 [0.99180394 0.99069777 0.99297051 ... 0.99240353 1.         0.98790197]
 [0.98631674 0.98744565 0.98807993 ... 0.98850993 0.98790197 1.        ]] 
Gram(X) mean : 0.9906519159899633
Gram(Y) : [[1.         0.99999773 0.99999773 ... 0.99999773 0.99999773 0.99999773]
 [0.99999773 1.         0.99999773 ... 0.99999773 0.99999773 0.99999773]
 [0.99999773 0.99999773 1.         ... 0.99999773 0.99999773 0.99999773]
 ...
 [0.99999773 0.99999773 0.99999773 ... 1.         0.99999773 0.99999773]
 [0.99999773 0.99999773 0.99999773 ... 0.99999773 1.         0.99999773]
 [0.99999773 0.99999773 0.99999773 ... 0.99999773 0.99999773 1.        ]] 
Gram(Y) mean : 0.9999979761121409

-------------------------------------------------
HSIC(in_data, actrvation5_output) = 4.710106661380466e-10
m : 10000
sigma : 75
-------------------------------------------------

